10,21,0.18498,0.17683,0.32453,0.28761,0.18669,0.19586,0.056528,0.058255,0.13016,0.13761,0.13389,-8.6017,-8.4711,-12.217,220.15,217.82
10,24,0.18759,0.1768,0.33028,0.28192,0.1866,0.19876,0.057166,0.059469,0.12944,0.13929,0.13436,-8.7424,-8.5709,-12.336,220.17,217.08
10,27,0.19055,0.17667,0.33683,0.27543,0.18641,0.20205,0.057878,0.060862,0.12854,0.14119,0.13486,-8.9057,-8.6873,-12.475,220.22,216.24
10,30,0.19383,0.1764,0.3442,0.26816,0.18609,0.20575,0.058658,0.062439,0.12743,0.14331,0.13537,-9.0945,-8.8232,-12.637,220.3,215.3
10,33,0.19744,0.17595,0.3524,0.2601,0.1856,0.20986,0.059498,0.064204,0.1261,0.14565,0.13588,-9.3116,-8.981,-12.823,220.43,214.25
10,36,0.20135,0.17526,0.36143,0.25126,0.18489,0.21438,0.060386,0.066158,0.1245,0.14822,0.13636,-9.5599,-9.1635,-13.037,220.61,213.1
10,39,0.20555,0.17426,0.37128,0.24164,0.18392,0.21933,0.061307,0.068301,0.12262,0.15103,0.13682,-9.8433,-9.3741,-13.282,220.85,211.84
10,42,0.21001,0.1729,0.38196,0.23128,0.18266,0.22472,0.062242,0.070627,0.12041,0.15409,0.13725,-10.166,-9.6172,-13.563,221.18,210.46
10,45,0.21469,0.17109,0.39345,0.2202,0.18104,0.23056,0.063162,0.073124,0.11788,0.15743,0.13766,-10.534,-9.8981,-13.884,221.59,208.98
10,48,0.21954,0.16874,0.4057,0.20846,0.17905,0.23688,0.064032,0.075767,0.11502,0.16111,0.13806,-10.954,-10.223,-14.253,222.1,207.37
10,51,0.2245,0.16576,0.41866,0.19613,0.17667,0.24372,0.064802,0.078515,0.11187,0.16521,0.13854,-11.435,-10.601,-14.678,222.7,205.62
10,54,0.22949,0.16204,0.43227,0.18332,0.17393,0.25117,0.065407,0.081303,0.10852,0.16986,0.13919,-11.988,-11.043,-15.169,223.4,203.72
10,57,0.23443,0.15746,0.44641,0.17015,0.17093,0.25934,0.065758,0.08403,0.10517,0.17531,0.14024,-12.627,-11.562,-15.742,224.16,201.64
10,60,0.23918,0.1519,0.46095,0.15679,0.16788,0.26844,0.065734,0.086541,0.10214,0.1819,0.14202,-13.371,-12.177,-16.413,224.94,199.32
10,63,0.2436,0.14523,0.47569,0.14345,0.1652,0.27882,0.065173,0.088605,0.10003,0.19021,0.14512,-14.247,-12.913,-17.209,225.62,196.68
10,66,0.24752,0.13731,0.49041,0.13037,0.16369,0.29105,0.063851,0.089883,0.099838,0.20117,0.1505,-15.29,-13.805,-18.164,226,193.56
10,69,0.25071,0.12802,0.50481,0.11783,0.16474,0.30612,0.061475,0.089883,0.10326,0.21624,0.15975,-16.555,-14.905,-19.332,225.74,189.72
10,72,0.25293,0.11721,0.51857,0.10613,0.17083,0.32567,0.057655,0.087907,0.11317,0.23776,0.17546,-18.12,-16.289,-20.788,224.19,184.74
10,75,0.25389,0.10475,0.53129,0.095585,0.18633,0.3525,0.051916,0.083,0.13441,0.2695,0.20196,-20.116,-18.078,-22.658,220.24,177.91
10,78,0.25322,0.090512,0.54254,0.086495,0.21896,0.3915,0.043746,0.073949,0.17522,0.31755,0.24639,-22.761,-20.482,-25.153,211.92,167.97
10,81,0.25048,0.074311,0.55188,0.079133,0.28239,0.4513,0.032814,0.059459,0.24957,0.39184,0.3207,-26.481,-23.9,-28.681,195.77,152.74
18,21,0.13854,0.13244,0.27149,0.23632,0.1983,0.20421,0.17599,0.17897,0.022318,0.025235,0.023776,-3.6706,-3.5974,-7.3137,217.16,215.66
18,24,0.14096,0.13285,0.27702,0.23093,0.19948,0.20731,0.17796,0.18192,0.021519,0.025382,0.02345,-3.8106,-3.7149,-7.4422,216.86,214.87
18,27,0.1437,0.13324,0.28335,0.22482,0.20078,0.21085,0.18017,0.18527,0.020609,0.025575,0.023092,-3.9739,-3.8527,-7.5927,216.53,213.97
18,30,0.14677,0.13358,0.29049,0.21797,0.20219,0.21484,0.1826,0.18901,0.019588,0.025831,0.02271,-4.1627,-4.013,-7.767,216.17,212.95
18,33,0.15017,0.13383,0.29846,0.2104,0.2037,0.2193,0.18524,0.19313,0.018464,0.026175,0.022319,-4.3793,-4.1982,-7.9676,215.78,211.81
18,36,0.1539,0.13395,0.30727,0.20211,0.20529,0.22424,0.18804,0.1976,0.017247,0.02664,0.021943,-4.6267,-4.4113,-8.1975,215.38,210.55
18,39,0.15794,0.13389,0.31694,0.19314,0.20694,0.22968,0.19099,0.20241,0.015957,0.027276,0.021616,-4.9084,-4.6561,-8.4602,214.96,209.16
18,42,0.16227,0.1336,0.32747,0.1835,0.20865,0.23564,0.19402,0.20749,0.014627,0.02815,0.021388,-5.2284,-4.937,-8.76,214.52,207.64
18,45,0.16688,0.13299,0.33885,0.17324,0.2104,0.24214,0.19709,0.21278,0.013308,0.029361,0.021335,-5.592,-5.2594,-9.1023,214.07,205.99
18,48,0.17174,0.132,0.35104,0.16244,0.2122,0.24922,0.20012,0.21818,0.012082,0.031049,0.021565,-6.0053,-5.6301,-9.4934,213.61,204.18
18,51,0.1768,0.13054,0.36403,0.15115,0.21406,0.25694,0.20299,0.22353,0.011071,0.033411,0.022241,-6.4762,-6.0576,-9.9416,213.13,202.21
18,54,0.182,0.1285,0.37772,0.13951,0.21604,0.26537,0.20558,0.22864,0.010467,0.036735,0.023601,-7.0143,-6.5526,-10.457,212.63,200.06
18,57,0.18727,0.12578,0.39203,0.12763,0.21824,0.27464,0.20767,0.23321,0.010568,0.041435,0.026001,-7.6325,-7.1288,-11.053,212.07,197.7
18,60,0.19251,0.12226,0.40682,0.1157,0.22084,0.28495,0.209,0.23683,0.011835,0.048116,0.029976,-8.3475,-7.8046,-11.747,211.4,195.07
18,63,0.19761,0.11781,0.42191,0.1039,0.22418,0.29661,0.20918,0.23894,0.014997,0.057674,0.036336,-9.1822,-8.6047,-12.564,210.55,192.1
18,66,0.2024,0.11228,0.43705,0.092456,0.22887,0.31016,0.20765,0.23872,0.021212,0.071442,0.046327,-10.169,-9.5633,-13.535,209.35,188.64
18,69,0.20671,0.10555,0.45195,0.081624,0.23593,0.32648,0.20358,0.23505,0.032345,0.091425,0.061885,-11.354,-10.73,-14.711,207.55,184.48
18,72,0.21032,0.097458,0.46625,0.071658,0.24719,0.34705,0.19577,0.22638,0.051424,0.12066,0.086044,-12.811,-12.18,-16.164,204.68,179.24
18,75,0.21297,0.087867,0.47952,0.062807,0.26588,0.3744,0.18247,0.21062,0.083405,0.16379,0.1236,-14.657,-14.034,-18.014,199.92,172.28
18,78,0.21436,0.076623,0.49131,0.055293,0.29778,0.41296,0.16132,0.18512,0.13646,0.22784,0.18215,-17.094,-16.496,-20.465,191.8,162.46
18,81,0.21414,0.063531,0.50113,0.049297,0.35362,0.47065,0.12954,0.14715,0.22408,0.32349,0.27379,-20.518,-19.964,-23.912,177.58,147.77
