10,21,0.17599,0.16824,0.31053,0.2764,0.198,0.20684,0.12106,0.12385,0.076934,0.082992,0.079963,-5.2949,-5.1961,-8.9253,211.63,209.44
10,24,0.17837,0.16811,0.31583,0.27116,0.19801,0.20972,0.12234,0.12604,0.075675,0.083683,0.079679,-5.4382,-5.3088,-9.0528,211.63,208.73
10,27,0.18105,0.16787,0.32186,0.26522,0.19795,0.213,0.12375,0.12852,0.074207,0.084481,0.079344,-5.6055,-5.4411,-9.2023,211.64,207.91
10,30,0.18403,0.16748,0.32862,0.25858,0.1978,0.21669,0.12528,0.13129,0.072519,0.085397,0.078958,-5.799,-5.5954,-9.3758,211.68,207
10,33,0.18728,0.1669,0.33613,0.25124,0.19752,0.2208,0.12691,0.13435,0.070603,0.086451,0.078527,-6.0215,-5.7744,-9.576,211.75,205.98
10,36,0.1908,0.16607,0.34437,0.24323,0.19707,0.22533,0.12862,0.13766,0.068455,0.08767,0.078062,-6.2762,-5.9812,-9.806,211.85,204.85
10,39,0.19455,0.16494,0.35334,0.23455,0.19644,0.23031,0.13036,0.14121,0.066081,0.089096,0.077589,-6.5669,-6.2196,-10.07,212.01,203.61
10,42,0.19852,0.16344,0.36302,0.22525,0.1956,0.23576,0.1321,0.14496,0.0635,0.090794,0.077147,-6.8981,-6.4944,-10.371,212.21,202.26
10,45,0.20265,0.1615,0.37338,0.21536,0.19451,0.2417,0.13376,0.14884,0.060755,0.092857,0.076806,-7.2756,-6.8114,-10.717,212.48,200.79
10,48,0.20691,0.15904,0.38438,0.20494,0.19319,0.24819,0.13527,0.15277,0.05792,0.09542,0.07667,-7.7063,-7.1778,-11.114,212.81,199.17
10,51,0.21123,0.15596,0.39596,0.19406,0.19165,0.2553,0.13652,0.15662,0.055123,0.098683,0.076903,-8.1989,-7.6025,-11.57,213.18,197.41
10,54,0.21554,0.15218,0.40805,0.18284,0.18996,0.26314,0.13739,0.16021,0.052571,0.10294,0.077754,-8.7646,-8.0972,-12.098,213.6,195.46
10,57,0.21974,0.14759,0.42052,0.17138,0.18827,0.27189,0.13768,0.16329,0.050595,0.10861,0.079601,-9.4176,-8.6768,-12.711,214.01,193.29
10,60,0.22372,0.14208,0.43324,0.15985,0.18687,0.28182,0.13716,0.16551,0.049714,0.11631,0.083013,-10.177,-9.3608,-13.429,214.36,190.82
10,63,0.22735,0.13554,0.44604,0.14841,0.18625,0.29337,0.13551,0.16641,0.050744,0.12696,0.08885,-11.068,-10.176,-14.279,214.51,187.96
10,66,0.23047,0.12785,0.45871,0.13726,0.18727,0.30721,0.13231,0.16534,0.054962,0.14186,0.098413,-12.126,-11.158,-15.295,214.25,184.53
10,69,0.2329,0.11892,0.471,0.12665,0.19138,0.32444,0.12699,0.16146,0.064383,0.16298,0.11368,-13.404,-12.361,-16.531,213.23,180.26
10,72,0.23442,0.10863,0.48262,0.11679,0.20103,0.34681,0.11884,0.15365,0.082189,0.19316,0.13768,-14.979,-13.863,-18.065,210.84,174.71
10,75,0.23479,0.096873,0.49326,0.10794,0.22038,0.37717,0.10694,0.14057,0.11344,0.23661,0.17502,-16.977,-15.79,-20.023,206.05,167.19
10,78,0.23372,0.083543,0.50259,0.10033,0.25654,0.42021,0.090338,0.12073,0.1662,0.29948,0.23284,-19.612,-18.353,-22.617,197.09,156.53
10,81,0.23084,0.068484,0.51026,0.094179,0.32177,0.48382,0.068331,0.093,0.25344,0.39082,0.32213,-23.296,-21.957,-26.255,180.94,140.78
18,21,0.13062,0.12487,0.25772,0.22545,0.2955,0.29961,0.29005,0.29093,0.0054506,0.0086802,0.0070654,-1.5007,-1.4874,-5.1738,187.28,186.26
18,24,0.13281,0.12517,0.26277,0.22053,0.2976,0.30303,0.29264,0.29376,0.0049546,0.0092675,0.0071111,-1.6504,-1.6339,-5.3219,186.75,185.41
18,27,0.13528,0.12543,0.26855,0.21497,0.29997,0.30691,0.29558,0.29691,0.0043978,0.0099974,0.0071976,-1.8241,-1.8045,-5.4941,186.16,184.44
18,30,0.13805,0.12564,0.27505,0.20876,0.30261,0.31128,0.29883,0.30038,0.0037862,0.010902,0.0073442,-2.0236,-2.0011,-5.6921,185.5,183.35
18,33,0.14111,0.12575,0.28228,0.20191,0.30552,0.31613,0.30239,0.30411,0.0031294,0.012024,0.0075768,-2.2509,-2.2263,-5.9183,184.77,182.14
18,36,0.14444,0.12572,0.29026,0.19445,0.30869,0.32149,0.30625,0.30807,0.0024435,0.013419,0.0079314,-2.5085,-2.4828,-6.1754,183.98,180.81
18,39,0.14803,0.1255,0.29899,0.1864,0.31212,0.32735,0.31037,0.31219,0.0017537,0.015161,0.0084574,-2.7996,-2.7742,-6.4667,183.12,179.35
18,42,0.15188,0.12504,0.30844,0.1778,0.31581,0.33373,0.31471,0.31638,0.0010993,0.017349,0.0092242,-3.1279,-3.1048,-6.7961,182.2,177.75
18,45,0.15595,0.12428,0.31862,0.1687,0.31976,0.34066,0.31922,0.32054,0.00054121,0.020116,0.010329,-3.4978,-3.4799,-7.1686,181.21,176.03
18,48,0.1602,0.12313,0.32947,0.15915,0.32399,0.34815,0.32382,0.32451,0.00017344,0.023644,0.011909,-3.9152,-3.906,-7.5903,180.15,174.16
18,51,0.1646,0.12153,0.34096,0.14924,0.32852,0.35626,0.32838,0.32807,0.00014038,0.028183,0.014162,-4.3872,-4.3913,-8.069,179.02,172.14
18,54,0.16909,0.11939,0.353,0.13907,0.33339,0.36504,0.33273,0.33096,0.00066419,0.034081,0.017373,-4.9232,-4.9463,-8.6145,177.8,169.95
18,57,0.1736,0.1166,0.36549,0.12876,0.33869,0.3746,0.3366,0.33277,0.0020874,0.041826,0.021957,-5.5351,-5.5848,-9.2397,176.47,167.57
18,60,0.17803,0.11306,0.3783,0.11845,0.34454,0.3851,0.3396,0.33299,0.0049399,0.052109,0.028524,-6.2393,-6.3247,-9.9616,175.01,164.96
18,63,0.18228,0.10867,0.39126,0.10832,0.35119,0.39682,0.34115,0.3309,0.010045,0.06592,0.037983,-7.0581,-7.1906,-10.804,173.35,162.05
18,66,0.18621,0.1033,0.40415,0.098533,0.35904,0.41018,0.34036,0.32549,0.018688,0.084685,0.051686,-8.0228,-8.2167,-11.798,171.39,158.72
18,69,0.18966,0.096843,0.41671,0.089301,0.36879,0.4259,0.3359,0.31544,0.032883,0.11046,0.071674,-9.1797,-9.4527,-12.994,168.97,154.82
18,72,0.19247,0.089185,0.42864,0.080821,0.38163,0.44518,0.32582,0.29892,0.055809,0.14626,0.10103,-10.599,-10.973,-14.462,165.78,150.04
18,75,0.1944,0.080208,0.43961,0.073287,0.3997,0.47001,0.30721,0.2736,0.09249,0.1964,0.14445,-12.394,-12.897,-16.318,161.3,143.9
18,78,0.19524,0.069789,0.44926,0.066878,0.42692,0.50387,0.27602,0.23667,0.15091,0.2672,0.20905,-14.762,-15.429,-18.762,154.57,135.52
18,81,0.19469,0.057762,0.45722,0.061743,0.47078,0.55304,0.22701,0.1854,0.24377,0.36764,0.3057,-18.081,-18.961,-22.179,143.73,123.37
