10,21,0.17761,0.16979,0.31306,0.27843,0.17772,0.18723,0.044535,0.045875,0.13319,0.14136,0.13727,-9.637,-9.5084,-13.253,220.94,218.53
10,24,0.18003,0.16968,0.31843,0.27311,0.1774,0.19001,0.044971,0.046754,0.13243,0.14325,0.13784,-9.7845,-9.6156,-13.379,221.02,217.83
10,27,0.18276,0.16945,0.32455,0.26708,0.17695,0.19317,0.045453,0.047757,0.1315,0.14541,0.13845,-9.9552,-9.7405,-13.526,221.13,217.03
10,30,0.18579,0.16908,0.33143,0.26033,0.17634,0.19672,0.045975,0.048884,0.13037,0.14784,0.1391,-10.153,-9.8861,-13.697,221.29,216.13
10,33,0.1891,0.16852,0.33905,0.25287,0.17553,0.20069,0.046528,0.050136,0.129,0.15055,0.13977,-10.379,-10.055,-13.894,221.49,215.12
10,36,0.19269,0.16771,0.34743,0.24471,0.17448,0.20507,0.047102,0.051509,0.12737,0.15356,0.14047,-10.639,-10.25,-14.12,221.75,214.01
10,39,0.19652,0.1666,0.35656,0.23587,0.17315,0.20988,0.047684,0.052998,0.12546,0.15688,0.14117,-10.935,-10.476,-14.379,222.09,212.79
10,42,0.20057,0.16513,0.36641,0.22638,0.1715,0.21515,0.048253,0.054591,0.12325,0.16056,0.1419,-11.272,-10.736,-14.675,222.5,211.46
10,45,0.2048,0.16321,0.37697,0.21629,0.16951,0.22091,0.048787,0.056272,0.12073,0.16464,0.14268,-11.656,-11.036,-15.014,223,210
10,48,0.20916,0.16076,0.38818,0.20564,0.16716,0.22722,0.049254,0.058013,0.11791,0.1692,0.14355,-12.094,-11.383,-15.404,223.6,208.4
10,51,0.21359,0.1577,0.4,0.19452,0.16446,0.23413,0.049612,0.059772,0.11485,0.17436,0.14461,-12.595,-11.786,-15.852,224.28,206.65
10,54,0.21801,0.15393,0.41235,0.18303,0.16148,0.24179,0.049807,0.061486,0.11167,0.1803,0.14599,-13.171,-12.256,-16.369,225.03,204.71
10,57,0.22233,0.14933,0.4251,0.17129,0.15836,0.25036,0.049767,0.063067,0.10859,0.18729,0.14794,-13.837,-12.808,-16.972,225.81,202.54
10,60,0.22644,0.14381,0.43813,0.15945,0.15539,0.26013,0.049397,0.064383,0.106,0.19575,0.15087,-14.612,-13.461,-17.678,226.56,200.06
10,63,0.2302,0.13724,0.45125,0.14769,0.15313,0.27156,0.048571,0.06525,0.10455,0.20631,0.15543,-15.524,-14.242,-18.515,227.13,197.17
10,66,0.23345,0.12951,0.46426,0.13623,0.15248,0.28537,0.047127,0.065409,0.10535,0.21996,0.16266,-16.609,-15.186,-19.519,227.29,193.67
10,69,0.236,0.1205,0.4769,0.12529,0.15506,0.30269,0.044854,0.064503,0.11021,0.23819,0.1742,-17.924,-16.346,-20.743,226.64,189.29
10,72,0.23764,0.11012,0.48887,0.11513,0.1636,0.32538,0.04149,0.062056,0.12211,0.26333,0.19272,-19.549,-17.801,-22.267,224.48,183.55
10,75,0.2381,0.098235,0.49985,0.106,0.18274,0.35643,0.036741,0.05746,0.14599,0.29897,0.22248,-21.617,-19.675,-24.218,219.64,175.69
10,78,0.23708,0.084745,0.50948,0.098152,0.22033,0.40077,0.030334,0.050015,0.18999,0.35076,0.27037,-24.351,-22.18,-26.811,210.13,164.48
10,81,0.23421,0.069486,0.51742,0.091798,0.28976,0.46666,0.022189,0.039098,0.26757,0.42756,0.34757,-28.18,-25.72,-30.458,192.58,147.83
18,21,0.13204,0.12623,0.2602,0.22742,0.18499,0.19139,0.15639,0.15883,0.028598,0.032553,0.030575,-4.1831,-4.1159,-7.8292,218.93,217.31
18,24,0.13427,0.12655,0.26534,0.22242,0.18581,0.19429,0.15813,0.16136,0.02768,0.032925,0.030303,-4.3236,-4.2358,-7.9593,218.72,216.57
18,27,0.13679,0.12683,0.27121,0.21676,0.1867,0.19761,0.16007,0.16422,0.026631,0.033386,0.030008,-4.4877,-4.3765,-8.1115,218.49,215.73
18,30,0.13961,0.12706,0.27782,0.21043,0.18765,0.20136,0.1622,0.1674,0.025451,0.033957,0.029704,-4.6774,-4.5403,-8.288,218.24,214.78
18,33,0.14273,0.12719,0.28519,0.20346,0.18864,0.20556,0.16449,0.17089,0.024146,0.034671,0.029408,-4.8952,-4.7295,-8.4913,217.99,213.71
18,36,0.14613,0.12719,0.29331,0.19586,0.18965,0.21022,0.16692,0.17465,0.022727,0.035572,0.02915,-5.1442,-4.9476,-8.7245,217.73,212.52
18,39,0.1498,0.127,0.3022,0.18765,0.19067,0.21538,0.16945,0.17866,0.021218,0.036721,0.02897,-5.4279,-5.1981,-8.9912,217.46,211.21
18,42,0.15373,0.12656,0.31184,0.17887,0.1917,0.22106,0.17204,0.18286,0.019655,0.038204,0.02893,-5.7506,-5.4859,-9.296,217.19,209.76
18,45,0.15789,0.12582,0.32222,0.16957,0.19272,0.2273,0.17462,0.18716,0.018098,0.040139,0.029119,-6.1178,-5.8165,-9.6443,216.93,208.18
18,48,0.16225,0.12471,0.33331,0.15981,0.19375,0.23417,0.17711,0.19147,0.016641,0.042695,0.029668,-6.5358,-6.1971,-10.043,216.66,206.43
18,51,0.16676,0.12313,0.34505,0.14966,0.19483,0.24174,0.1794,0.19563,0.015428,0.046106,0.030767,-7.0128,-6.6366,-10.5,216.38,204.51
18,54,0.17137,0.121,0.35737,0.13924,0.19602,0.25013,0.18134,0.19943,0.014685,0.050707,0.032696,-7.5592,-7.1462,-11.028,216.06,202.37
18,57,0.17601,0.11822,0.37017,0.12867,0.19748,0.25954,0.18273,0.20257,0.014754,0.05697,0.035862,-8.1882,-7.7406,-11.638,215.68,199.98
18,60,0.18057,0.11468,0.38332,0.11809,0.19947,0.27023,0.1833,0.20466,0.016167,0.065574,0.040871,-8.9174,-8.4387,-12.351,215.17,197.26
18,63,0.18496,0.11027,0.39663,0.10767,0.20241,0.28265,0.18266,0.20516,0.019745,0.077496,0.048621,-9.7709,-9.2666,-13.191,214.42,194.11
18,66,0.18903,0.10486,0.40989,0.097615,0.20706,0.29748,0.18029,0.20333,0.026765,0.094151,0.060458,-10.782,-10.26,-14.193,213.23,190.35
18,69,0.19262,0.098354,0.42284,0.088116,0.21467,0.31578,0.17543,0.19818,0.039236,0.1176,0.078418,-12.001,-11.471,-15.408,211.3,185.72
18,72,0.19555,0.090615,0.43515,0.079387,0.22735,0.33928,0.16703,0.18843,0.060325,0.15085,0.10559,-13.501,-12.977,-16.911,208.09,179.77
18,75,0.1976,0.081527,0.44649,0.071631,0.24874,0.37077,0.15367,0.17247,0.095067,0.19831,0.14669,-15.402,-14.901,-18.825,202.68,171.81
18,78,0.19852,0.070961,0.45648,0.065034,0.28508,0.41485,0.13358,0.14847,0.1515,0.26639,0.20894,-17.913,-17.455,-21.358,193.5,160.67
18,81,0.19802,0.058749,0.46474,0.05975,0.34741,0.4793,0.10493,0.11492,0.24248,0.36438,0.30343,-21.433,-21.038,-24.911,177.76,144.4
